9 9
9 9
3.27693220634607   -9.88955725864612    4.24813849598235   0.266991316723144   -4.43265971822411   -10.3266727928348   0.910924381376003    8.17277026424986    2.28892942563373
0.720058859322239   -5.07452871592501    4.41312049351224   -2.68092045519234    3.23970628767687   0.169434839638473   -13.5278371045513    1.25614529903655    24.1006042792617
-10.1537578774756   -4.21059804544463   -4.96649168433024   -10.8344129728860    12.3647364127509   -2.00756859275111    13.5859072254440   -1.01106949274410    12.2831370647325
14.3844167992558   -8.95868352108531    10.2457209412959    17.8691158783905   -3.34083211287045   -20.2342663125738   0.938195473378323   -15.7277652143623   -16.4030105665211
-17.7412243718444   -14.3724250524863   0.585052496751158    5.97105433567792   -8.05461797153414   -27.4008209137565    5.82339278197341   -14.0281928523893   -2.07222399495835
12.5205890404089   -6.38276348380072   -23.1213951668724    1.04849367541374    1.75074494962261   -6.69279560156952    12.1889238815935   -12.6075834417947    5.08024029245445
4.30357697084709    11.8215411355304   0.929664801949964    1.79524619687345    14.1993205036685    18.2896867164551   0.518415878928226   -7.70396112033010    7.87104765593555
-4.17714573509119   -8.07048678869540    14.5772793006087    2.14039270651320    3.06572922964664   -4.41084310283127    8.66642752610865   -16.7021587837195 -0.0141380111444800
9.38812890182434   -1.38607769918984   -6.34553985869345    1.10014502282315    5.36335848268861   -4.03860820086431   -6.59481731520530    4.25036057174920    4.29049788551020
3.27693220634607   0.720058859322239   -10.1537578774756    14.3844167992558   -17.7412243718444    12.5205890404089    4.30357697084709   -4.17714573509119    9.38812890182434
-9.88955725864612   -5.07452871592501   -4.21059804544463   -8.95868352108531   -14.3724250524863   -6.38276348380072    11.8215411355304   -8.07048678869540   -1.38607769918984
4.24813849598235    4.41312049351224   -4.96649168433024    10.2457209412959   0.585052496751158   -23.1213951668724   0.929664801949964    14.5772793006087   -6.34553985869345
0.266991316723144   -2.68092045519234   -10.8344129728860    17.8691158783905    5.97105433567792    1.04849367541374    1.79524619687345    2.14039270651320    1.10014502282315
-4.43265971822411    3.23970628767687    12.3647364127509   -3.34083211287045   -8.05461797153414    1.75074494962261    14.1993205036685    3.06572922964664    5.36335848268861
-10.3266727928348   0.169434839638473   -2.00756859275111   -20.2342663125738   -27.4008209137565   -6.69279560156952    18.2896867164551   -4.41084310283127   -4.03860820086431
0.910924381376003   -13.5278371045513    13.5859072254440   0.938195473378323    5.82339278197341    12.1889238815935   0.518415878928226    8.66642752610865   -6.59481731520530
8.17277026424986    1.25614529903655   -1.01106949274410   -15.7277652143623   -14.0281928523893   -12.6075834417947   -7.70396112033010   -16.7021587837195    4.25036057174920
2.28892942563373    24.1006042792617    12.2831370647325   -16.4030105665211   -2.07222399495835    5.08024029245445    7.87104765593555 -0.0141380111444800    4.29049788551020
